0000   a8 66 7f 22 e3 c6 00 09 0f 09 00 02 08 00 45 00
0010   01 9c 44 2f 00 00 3e 11 9a cc 86 9d 00 81 0a 40 
0020   0a f8 00 35 ca 6b 01 88 3c e2 23 fe 81 80 00 01
0030   00 01 00 08 00 0a 05 65 36 39 38 37 01 61 0a 61
0040   6b 61 6d 61 69 65 64 67 65 03 6e 65 74 00 00 01
0050   00 01 c0 0c 00 01 00 01 00 00 00 10 00 04 68 50
0060   16 cc c0 12 00 02 00 01 00 00 02 9e 00 06 03 6e 
0070   35 61 c0 14 c0 12 00 02 00 01 00 00 02 9e 00 06
0080   03 6e 30 61 c0 14 c0 12 00 02 00 01 00 00 02 9e
0090   00 06 03 6e 33 61 c0 14 c0 12 00 02 00 01 00 00  
00a0   02 9e 00 06 03 6e 31 61 c0 14 c0 12 00 02 00 01
00b0   00 00 02 9e 00 06 03 6e 34 61 c0 14 c0 12 00 02
00c0   00 01 00 00 02 9e 00 06 03 6e 36 61 c0 14 c0 12
00d0   00 02 00 01 00 00 02 9e 00 06 03 6e 32 61 c0 14
00e0   c0 12 00 02 00 01 00 00 02 9e 00 06 03 6e 37 61
00f0   c0 14 c0 56 00 01 00 01 00 00 07 36 00 04 58 dd
0100   51 c0 c0 56 00 1c 00 01 00 00 07 36 00 10 26 00
0110   14 80 e8 00 00 00 00 00 00 00 00 00 00 c0 c0 7a
0120   00 01 00 01 00 00 07 36 00 04 c3 0a 09 5f c0 7a
0130   00 1c 00 01 00 00 07 36 00 10 2a 02 26 f0 00 5c
0140   f0 00 0f 29 24 c4 a2 59 24 45 c0 b0 00 01 00 01 
0150   00 00 03 4e 00 04 17 c8 57 e4 c0 68 00 01 00 01
0160   00 00 03 4e 00 04 17 c8 57 e3 c0 8c 00 01 00 01
0170   00 00 03 4e 00 04 17 c8 57 ec c0 44 00 01 00 01
0180   00 00 03 63 00 04 17 c8 57 e2 c0 9e 00 01 00 01
0190   00 00 03 63 00 04 c3 0a 09 5d c0 c2 00 01 00 01
01a0   00 00 06 ea 00 04 17 3e 03 47

0000 08 00 20 0a ac 96 08 00 20 0a 70 66 08 00 4f 00
0010 00 7c cb c9 00 00 ff 01 b9 7f 84 e3 3d 05 c0 21
0020 9f 06 07 27 04 00 00 00 00 00 00 00 00 00 00 00
0030 00 00 00 00 00 00 00 00 00 00 00 00 00 00 00 00
0040 00 00 00 00 00 00 00 00 00 00 08 00 a2 56 2f 00 aa ff 77
0050 00 00 29 36 8c 41 00 03 86 2b 08 09 0a 0b 0c 0d
0060 0e 0f 10 11 12 13 14 15 16 17 18 19 1a 1b 1c 1d
0070 1e 1f 20 21 22 23 24 25 26 27 28 29 2a 2b 2c 2d
0080 2e 2f 30 31 32 33 34 35 36 37 

0000   ff ff ff ff ff ff 00 0b 82 01 fc 42 08 00 45 00
0010   01 2c a8 37 00 00 fa 11 17 8a 00 00 00 00 ff ff
0020   ff ff 00 44 00 43 01 18 9f bd 01 01 06 00 00 00
0030   3d 1e 00 00 00 00 00 00 00 00 00 00 00 00 00 00
0040   00 00 00 00 00 00 00 0b 82 01 fc 42 00 00 00 00
0050   00 00 00 00 00 00 00 00 00 00 00 00 00 00 00 00
0060   00 00 00 00 00 00 00 00 00 00 00 00 00 00 00 00
0070   00 00 00 00 00 00 00 00 00 00 00 00 00 00 00 00
0080   00 00 00 00 00 00 00 00 00 00 00 00 00 00 00 00
0090   00 00 00 00 00 00 00 00 00 00 00 00 00 00 00 00
00a0   00 00 00 00 00 00 00 00 00 00 00 00 00 00 00 00
00b0   00 00 00 00 00 00 00 00 00 00 00 00 00 00 00 00
00c0   00 00 00 00 00 00 00 00 00 00 00 00 00 00 00 00
00d0   00 00 00 00 00 00 00 00 00 00 00 00 00 00 00 00
00e0   00 00 00 00 00 00 00 00 00 00 00 00 00 00 00 00
00f0   00 00 00 00 00 00 00 00 00 00 00 00 00 00 00 00
0100   00 00 00 00 00 00 00 00 00 00 00 00 00 00 00 00
0110   00 00 00 00 00 00 63 82 53 63 35 01 03 3d 07 01
0120   00 0b 82 01 fc 42 32 04 c0 a8 00 0a 36 04 c0 a8
0130   00 01 37 04 01 03 06 2a ff 00

